M 4.7749022,-49.408352 0,-42.169519 4.3180825,-36.429301 7.645528,-38.81675 9.9311766,-36.429301 11.836487,-38.054523 11.785327,-38.511861 10.947135,-38.359416 9.7280882,-40.64558 V -49.281746 H 7.1881917 V -48.062181 -46.919099 -41.128238 L 4.8513833,-38.359416 2.6670206,-42.245483 5.6389322,-48.01154 6.8295572,-47.504593 V -48.608403 Z
M 2.565218,-54.36154 0.025321,-54.006006 0,-41.128238 3.657657,-36.429301 9.220109,-43.845903 4.978507,-49.332387 2.916618,-48.656978 V -47.483924 L 4.292761,-48.01154 6.959782,-43.261959 4.063834,-38.181647 2.565218,-40.467814 V -47.148027 -48.34175 -49.180461 Z
M 6.0452,-45.395328 6.985,-44.861928 7.9756,-46.436728 4.7752,-49.408528 0,-42.499728 4.953,-36.429128 8.3312,-39.553328 5.6134,-38.359528 2.6924,-42.779128 5.1308,-48.062328 6.477,-46.665328 Z
M 9.728605,-54.36154 7.18819,-54.006006 V -49.542194 -48.062181 -46.919099 -41.128238 L 4.851382,-38.359416 2.667019,-42.245483 5.638933,-48.01154 6.85953,-47.466869 V -48.576362 L 4.775417,-49.408352 0,-42.169519 4.318082,-36.429301 7.645527,-38.81675 9.931694,-36.429301 11.836485,-38.054523 11.785844,-38.511861 10.947652,-38.359416 9.728605,-40.64558 Z
M 4.851384,-49.408352 0,-42.296643 4.851384,-36.429301 8.433078,-38.969198 8.381918,-39.604301 5.638932,-38.359416 2.754355,-41.3644 H 2.718181 V -41.66154 -42.657344 L 2.692342,-42.652177 5.334043,-48.163985 6.604249,-46.360476 3.089736,-42.727623 V -41.713216 L 8.229989,-46.106746 Z
M 7.010427,-55.631746 3.301609,-51.21186 V -36.225697 -35.286217 -34.498669 -34.401 H 3.300058 L 2.159043,-31.552078 0.990637,-32.771643 2.708362,-34.964274 V -35.950776 L 0,-32.695163 2.667021,-30.231746 5.842021,-34.549312 V -48.392394 H 7.89926 V -49.281746 H 5.842021 V -50.500793 L 7.696174,-54.006006 9.550323,-51.821643 H 10.54096 Z
M 4.826061,-49.408352 0,-42.499732 4.343402,-36.93728 7.188188,-38.461217 V -36.276856 -35.260896 -34.908979 -33.482711 L 6.070428,-31.552078 4.851381,-32.822284 6.858498,-35.099148 V -36.128544 L 3.860744,-32.720483 6.553088,-30.231746 9.728088,-34.575149 V -49.281746 H 7.188188 V -49.025431 -48.062181 -46.919099 -41.509095 L 4.978506,-38.867394 2.667021,-42.677498 5.689578,-48.01154 6.601148,-47.691661 V -48.825959 Z
M 0,-54.005927 V -36.581528 H 2.54 V -44.709528 L 4.826,-47.478128 6.4516,-44.734928 6.3754,-40.315328 9.3472,-36.429128 11.049,-38.384928 V -38.562728 L 10.2362,-38.359528 8.9408,-40.467728 9.0678,-44.811128 5.588,-49.408528 2.54,-47.351128 V -54.361527 Z
M 0,-49.281528 V -40.010528 L 2.5146,-36.429128 4.6482,-38.054728 4.5974,-38.511928 3.6576,-38.359528 2.54,-40.645528 V -49.281528 Z
M 3.32744,-49.281746 V -37.44991 -36.276856 -35.260896 -34.072337 -33.482711 L 2.20968,-31.552078 0.99063,-32.822284 2.87682,-35.040239 V -36.073767 L 0,-32.720483 2.69234,-30.231746 5.86734,-34.575149 V -49.281746 Z
M 0,-54.005927 V -36.581528 H 2.54 V -41.966328 L 4.6228,-43.922128 6.223,-41.686928 6.1976,-39.324728 9.017,-36.429128 11.049,-38.207128 11.0236,-38.562728 9.9568,-38.359528 8.763,-39.654928 8.8392,-41.890128 5.3848,-45.852528 H 5.1308 L 9.3726,-49.281528 H 6.9088 L 2.54,-45.141328 V -54.361527 Z
M 0,-54.005927 V -40.010528 L 2.5146,-36.429128 4.6482,-38.054728 4.5974,-38.511928 3.6576,-38.359528 2.54,-40.645528 V -54.361527 Z
M 0,-49.281528 V -36.581528 H 2.54 V -44.709528 L 4.5466,-47.478128 5.969,-45.065128 V -36.581528 H 8.509 V -44.709528 L 10.4902,-47.478128 12.1158,-44.734928 12.0396,-40.315328 15.0114,-36.429128 16.7894,-38.410328 V -38.588128 L 15.7226,-38.359528 14.5796,-40.543928 14.732,-44.861928 11.2522,-49.408528 8.3312,-47.147928 5.334,-49.408528 2.54,-47.528928 V -49.281528 Z
M 0,-49.281528 V -36.581528 H 2.54 V -44.709528 L 4.826,-47.478128 6.4516,-44.734928 6.3754,-40.315328 9.3472,-36.429128 11.049,-38.384928 V -38.562728 L 10.2362,-38.359528 8.9408,-40.467728 9.0678,-44.811128 5.588,-49.408528 2.54,-47.351128 V -49.281528 Z
M 4.95318,-49.408352 0,-42.347284 0.1633,-40.550496 H 2.9378 L 2.7435,-42.449088 5.61361,-48.01154 7.36595,-46.665369 6.42648,-45.522284 7.79797,-43.998348 7.82329,-43.465046 5.20691,-38.359416 2.98999,-40.343791 H 0.20774 L 4.75009,-36.429301 9.0935,-43.109512 9.04234,-44.303238 11.02361,-47.325793 H 10.28722 L 8.83925,-46.055586 Z
M 0,-50.221223 V -30.231746 L 2.56522,-30.866334 V -36.623087 -37.648348 -38.918554 -39.331966 -46.538245 L 4.31808,-47.757291 6.8833,-43.2108 4.2416,-38.054523 2.91248,-38.559403 V -37.27111 L 5.05447,-36.429301 9.4232,-43.109512 5.20692,-49.408352 2.56522,-48.26527 V -50.221223 Z
M 4.82606,-49.408352 0,-42.245483 4.3434,-36.429301 6.8032,-37.501586 V -39.644092 L 4.97851,-38.359416 2.66702,-42.423767 5.68957,-48.01154 7.16287,-46.995579 V -40.772704 -37.927917 -36.468057 -30.231746 L 9.72809,-30.866334 V -49.281746 H 7.16287 V -48.113341 Z
M 0,-49.281528 V -36.581528 H 2.54 V -45.928728 L 4.6228,-47.198728 6.0452,-46.563728 7.2136,-47.884528 5.5372,-49.408528 2.54,-47.147928 V -49.281528 Z
M 5.61308,-50.068778 3.04787,-49.5608 1.2578,-43.005126 H 2.44996 L 3.60648,-47.351113 5.02915,-40.11228 3.25096,-38.334095 1.19372,-40.213565 1.87947,-39.858031 2.69235,-40.848668 2.1332,-41.96643 2.40398,-42.863015 H 1.20716 L 0.91416,-42.042394 0,-40.188245 3.78426,-36.429301 7.72149,-39.832711 Z
M 0.8636,-52.786727 V -49.281528 H 0 V -48.392528 H 0.8636 V -40.010528 L 3.3782,-36.429128 5.5118,-38.054728 5.461,-38.511928 4.5212,-38.359528 3.4036,-40.645528 V -48.392528 H 5.3594 V -49.281528 H 3.4036 V -53.142327 Z
M 6.0452,-49.281528 V -41.128128 L 4.064,-38.359528 2.54,-40.645528 V -49.281528 H 0 V -40.366128 L 3.5814,-36.429128 6.5024,-38.816728 8.7884,-36.429128 10.6934,-38.054728 10.6426,-38.511928 9.8044,-38.359528 8.5852,-40.645528 V -49.281528 Z
M 8.1788,-45.141328 6.0452,-49.814928 4.7498,-48.519528 5.969,-47.173328 6.6294,-47.376528 6.858,-44.709528 4.0132,-38.359528 2.54,-40.645528 V -49.281528 H 0 V -39.908928 L 3.4798,-36.429128 Z
M 0,-49.281528 V -40.366128 L 3.5814,-36.429128 6.3246,-38.410328 9.525,-36.429128 14.224,-45.141328 12.0904,-49.814928 10.795,-48.519528 12.0142,-47.173328 12.6746,-47.376528 12.9032,-44.709528 10.0584,-38.359528 8.5852,-40.645528 V -49.281528 H 6.0452 V -41.128128 L 4.064,-38.359528 2.54,-40.645528 V -49.281528 Z
M 6.7818,-46.385928 3.9116,-49.408528 0,-41.077328 H 0.9398 L 3.1242,-47.503528 4.5466,-45.217528 5.6642,-42.067928 1.7272,-36.581528 H 3.4544 L 6.1214,-40.772528 9.7028,-36.429128 11.7348,-38.054728 11.684,-38.562728 10.8458,-38.359528 8.7122,-41.102728 8.2042,-42.448928 10.8712,-48.290928 9.1186,-50.805527 7.7724,-49.484728 9.1694,-48.138528 9.7028,-48.240128 9.7282,-47.808328 7.7978,-43.566528 Z
M 0,-49.281746 V -40.36601 L 3.58169,-36.429301 6.04562,-37.876757 V -36.276856 L 2.76314,-33.18247 H 3.74448 L 6.04562,-35.260896 V -33.482711 L 4.92786,-31.552078 3.72639,-32.597492 H 2.72385 L 5.41051,-30.231746 8.58551,-34.575149 V -49.281746 H 6.04562 V -41.128238 L 4.06434,-38.359416 2.54042,-40.64558 V -49.281746 Z
M 7.7978,-38.740528 6.7564,-38.207128 3.4798,-38.359528 8.9154,-49.281528 H 2.6162 L 0,-47.782928 1.4478,-45.954128 2.5908,-46.741528 2.159,-47.554328 3.6068,-47.909928 H 5.7912 L 0.3048,-36.581528 H 6.9596 L 9.8552,-38.740528 8.382,-40.239128 7.3406,-39.400928 Z
M 6.55153,-55.631746 0.01704,-46.60284 H 3.18791 L 6.83109,-54.36154 9.92963,-46.843134 6.50089,-38.334095 3.17603,-45.620987 H 0 L 6.19599,-36.429301 12.57131,-46.487601 Z
M 5.588,-55.580727 0.0762,-53.599527 0,-52.278727 H 2.8448 V -36.581528 H 5.588 Z
M 2.8194,-39.019928 1.905,-38.918328 10.287,-50.830927 5.08,-55.606127 0.2286,-52.100927 2.0066,-49.560928 3.302,-50.195928 2.4384,-52.100927 4.8514,-54.361527 7.3152,-51.211927 0,-38.054728 0.3302,-36.530728 2.8448,-37.165728 8.509,-36.352928 11.2014,-38.537328 10.8204,-40.315328 7.6962,-38.562728 Z
M 4.2164,-43.109328 2.3114,-44.328528 0,-41.305928 5.4356,-36.429128 12.0396,-42.271128 7.9756,-47.173328 10.795,-51.618327 5.6642,-55.606127 1.0668,-52.151727 3.048,-49.662528 4.5974,-50.449928 3.302,-52.481927 5.5118,-54.336127 8.255,-51.592927 3.8608,-47.198728 8.8392,-42.093328 5.3594,-38.207128 2.3622,-41.001128 Z
M 6.5532,-55.250527 V -45.446128 H 1.905 L 4.7752,-52.227927 2.2098,-55.580727 2.6924,-52.456527 0,-43.947528 H 6.5532 V -36.581528 H 9.2964 V -43.947528 H 11.3538 L 11.4046,-45.446128 H 9.2964 V -55.631527 Z
M 9.8552,-55.606127 6.2484,-54.767927 2.4638,-55.174327 0.6858,-45.344528 4.3434,-46.512928 8.2804,-42.372728 5.08,-38.054728 2.2098,-40.696328 3.9116,-42.423528 2.032,-43.718928 0,-40.874128 5.2578,-36.429128 11.1506,-42.550528 5.7912,-48.392528 2.6924,-47.605128 3.7338,-52.862927 7.7978,-52.227927 10.1854,-54.183727 Z
M 4.2418,-44.963528 6.6802,-46.436728 9.6266,-42.728328 6.223,-38.359528 2.6924,-44.557128 7.239,-54.463127 9.1694,-52.710527 8.9154,-51.821527 9.5504,-51.719927 10.8712,-53.218527 7.1374,-55.631527 0,-44.785728 5.9944,-36.429128 11.9126,-42.702928 7.0358,-48.087728 3.8862,-45.877928 Z
M 10.922,-55.174327 8.9408,-54.971127 2.54,-55.606127 0,-53.955127 2.0828,-51.516727 2.032,-51.948527 4.699,-53.472527 8.0518,-52.989927 2.0574,-40.416928 4.6482,-36.352928 6.1468,-36.759328 5.2578,-40.721728 10.9474,-54.971127 Z
M 5.70767,-55.631746 0.93226,-51.389629 3.65043,-47.173348 0,-42.262536 H 2.62051 L 5.55521,-46.157387 8.60308,-41.941109 5.68235,-38.25813 2.62826,-41.6233 H 0.01034 L 5.65703,-36.429301 11.52437,-42.169519 7.89204,-47.173348 10.47689,-51.306428 H 8.02743 L 5.68235,-48.01154 3.37087,-51.669198 5.80948,-54.463341 8.09511,-51.974088 8.09304,-51.927579 H 10.45982 Z
M 7.6708,-47.605128 5.2324,-46.131928 2.286,-49.586328 5.6896,-54.132927 9.2202,-47.503528 4.699,-38.308728 2.7686,-40.061328 3.0226,-40.950328 2.3876,-41.051928 1.0668,-39.553328 4.7498,-36.429128 11.9126,-47.274928 5.8928,-55.631527 0,-49.611728 4.8768,-44.480928 8.0264,-46.690728 Z
M 8.89,-38.359528 H 0 V -36.581528 H 8.89 Z
